#BackgroundColor
0 0 0

#MaxRecursionDepth
3

#ShadowRayEpsilon
1e-3

#Camera
-10 60 180
0 -0.3 -0.95
0 0.95 -0.3
-1 1 -1 1
1
800 800

#Material
1
0.1 0.1 0.1
1 1 1
0 0 0
0
1 1 1

#Material
2
1 1 1
1 0 0
1 1 1
100
0.8 0.8 0.8

#Material
3
1 1 1
0 0 1
0.1 0.1 0.1
10
0.5 0.5 0.5

#Material
4
0 0 0
0 0.2 0
0.8 0.8 0.8
100
0.00001 0.00001 0.00001
1.3

#Material
5
0.1 0.1 0.1
0 0 0
0 0 0
0
1 1 1

#AmbientLight
25 25 25

#PointLight
1
30 40 50
200000 200000 200000

#PointLight
2
-30 40 50
200000 200000 200000

#PointLight
3
5 70 140
200000 200000 200000

#PointLight
4
5 80 60
200000 200000 200000

#VertexList
-100 0 -100
-50 0 -100
0 0 -100
50 0 -100
100 0 -100
-100 0 -50
-50 0 -50
0 0 -50
50 0 -50
100 0 -50
-100 0 0
-50 0 0
0 0 0
50 0 0
100 0 0
-100 0 50
-50 0 50
0 0 50
50 0 50
100 0 50
-100 0 100
-50 0 100
0 0 100
50 0 100
100 0 100
20 20 50
-20 20 50
25 40 100
50 20 50
-50 20 50

#Sphere
1
2
26
10

#Sphere
2
3
27
10

#Sphere
3
4
28
30

#Sphere
4
3
29
10

#Sphere
5
2
30
10

#Mesh
1
1
2 1 6
6 7 2

#Mesh
2
5
3 2 7
7 8 3

#Mesh
3
1
4 3 8
8 9 4

#Mesh
4
5
5 4 9
9 10 5

#Mesh
5
5
7 6 11
11 12 7

#Mesh
6
1
8 7 12
12 13 8

#Mesh
7
5
9 8 13
13 14 9

#Mesh
8
1
10 9 14
14 15 10

#Mesh
9
1
12 11 16
16 17 12

#Mesh
10
5
13 12 17
17 18 13

#Mesh
11
1
14 13 18
18 19 14

#Mesh
12
5
15 14 19
19 20 15

#Mesh
13
5
17 16 21
21 22 17

#Mesh
14
1
18 17 22
22 23 18

#Mesh
15
5
19 18 23
23 24 19

#Mesh
16
1
20 19 24
24 25 20
